package-lock.json
  s_8d7abb4142b62c::t_23b3bc0c36a332 493,505,1387,1405,1427,1453,1474,1497,1514,1531,1548,1565,1582,1599,1616,1633,1650,1667,1684,1701,1718,1735,1752,1767,1784,1801,1818,1835,1852,1869,1886,1903,1920,2692,2718,2732,4008,4022,4036,4050,4064,4078,4092,4106,4120,4134,4148,4162,4176,4190,4204,4218,4230,4242,4256,4270,4284,4298,4312,4326,5384,6573,6589,6620,7046,7063,7080,7097,7114,7131,7148,7165,7182,7199,7216,7233,7250,7267,7284,7301,7318,7335,7352,7369,7386,7403,7420,7437,7454,8337,8629,8699,8711,8948,10036,10848,11080,11091,11477,11840,11869,11925,12586,12618,12728,12733,12741,12868,12879,12935,12946,13451,13688,13742,13781,13932,13943,13954,13962,14139,14159,14167,14191,14566,15054
---
{
  "schema_version": "authorship/3.0.0",
  "git_ai_version": "1.6.13",
  "base_commit_sha": "eb7021183fc268aa801a94f1b3f7823e2d9d9f4f",
  "prompts": {},
  "sessions": {
    "s_8d7abb4142b62c": {
      "agent_id": {
        "tool": "codex",
        "id": "019f120a-9765-72e1-bb87-22a45d71fc0c",
        "model": "unknown"
      },
      "human_author": "Guillaume Gay <guillaume.gay@protonmail.com>"
    }
  }
}